0, 2021/05/16 12:04:41.536, 12.60, 139, 405, 139
0, 2021/05/16 12:04:41.562, 12.99, 139, 405, 139
0, 2021/05/16 12:04:41.587, 11.24, 139, 405, 139
0, 2021/05/16 12:04:41.620, 11.73, 139, 405, 139
0, 2021/05/16 12:04:41.651, 11.92, 139, 405, 139
0, 2021/05/16 12:04:41.675, 12.51, 139, 405, 139
0, 2021/05/16 12:04:41.703, 16.20, 139, 405, 139
0, 2021/05/16 12:04:41.733, 12.07, 139, 405, 139
0, 2021/05/16 12:04:41.764, 11.53, 139, 405, 139
0, 2021/05/16 12:04:41.802, 11.58, 139, 405, 139
0, 2021/05/16 12:04:41.837, 16.20, 139, 405, 139
0, 2021/05/16 12:04:41.866, 15.28, 139, 405, 139
0, 2021/05/16 12:04:41.890, 13.14, 139, 405, 139
0, 2021/05/16 12:04:41.917, 11.34, 139, 405, 139
0, 2021/05/16 12:04:41.958, 12.95, 139, 405, 139
0, 2021/05/16 12:04:41.982, 12.26, 139, 405, 139
0, 2021/05/16 12:04:42.005, 16.20, 139, 405, 139
0, 2021/05/16 12:04:42.035, 12.36, 139, 405, 139
0, 2021/05/16 12:04:42.059, 12.85, 139, 405, 139
0, 2021/05/16 12:04:42.083, 11.49, 139, 405, 139
0, 2021/05/16 12:04:42.118, 12.95, 139, 405, 139
0, 2021/05/16 12:04:42.141, 11.83, 139, 405, 139
0, 2021/05/16 12:04:42.170, 11.49, 139, 405, 139
0, 2021/05/16 12:04:42.202, 16.20, 139, 405, 139
0, 2021/05/16 12:04:42.233, 12.99, 139, 405, 139
0, 2021/05/16 12:04:42.257, 11.73, 139, 405, 139
0, 2021/05/16 12:04:42.287, 11.49, 139, 405, 139
0, 2021/05/16 12:04:42.318, 11.49, 139, 405, 139
0, 2021/05/16 12:04:42.342, 12.41, 139, 405, 139
0, 2021/05/16 12:04:42.369, 11.49, 139, 405, 139
0, 2021/05/16 12:04:42.403, 11.49, 139, 405, 139
0, 2021/05/16 12:04:42.427, 12.75, 139, 405, 139
0, 2021/05/16 12:04:42.453, 11.63, 139, 405, 139
0, 2021/05/16 12:04:42.487, 16.20, 139, 405, 139
0, 2021/05/16 12:04:42.515, 16.30, 139, 405, 139
0, 2021/05/16 12:04:42.541, 13.43, 139, 405, 139
0, 2021/05/16 12:04:42.566, 11.58, 139, 405, 139
0, 2021/05/16 12:04:42.602, 11.49, 139, 405, 139
0, 2021/05/16 12:04:42.626, 16.88, 139, 405, 139
0, 2021/05/16 12:04:42.651, 11.83, 139, 405, 139
0, 2021/05/16 12:04:42.682, 15.09, 139, 405, 139
0, 2021/05/16 12:04:42.706, 12.41, 139, 405, 139
0, 2021/05/16 12:04:42.734, 11.49, 139, 405, 139
0, 2021/05/16 12:04:42.768, 11.83, 139, 405, 139
0, 2021/05/16 12:04:42.792, 12.60, 139, 405, 139
0, 2021/05/16 12:04:42.819, 16.20, 139, 405, 139
0, 2021/05/16 12:04:42.850, 16.20, 139, 405, 139
0, 2021/05/16 12:04:42.879, 15.96, 139, 405, 139
0, 2021/05/16 12:04:42.913, 15.86, 139, 405, 139
0, 2021/05/16 12:04:42.947, 14.94, 139, 405, 139
0, 2021/05/16 12:04:42.971, 11.73, 139, 405, 139
0, 2021/05/16 12:04:42.999, 12.51, 139, 405, 139
0, 2021/05/16 12:04:43.036, 16.20, 139, 405, 139
0, 2021/05/16 12:04:43.066, 11.83, 139, 405, 139
0, 2021/05/16 12:04:43.098, 11.58, 139, 405, 139
0, 2021/05/16 12:04:43.135, 11.92, 139, 405, 139
0, 2021/05/16 12:04:43.158, 12.26, 139, 405, 139
0, 2021/05/16 12:04:43.185, 11.49, 139, 405, 139
0, 2021/05/16 12:04:43.219, 16.10, 139, 405, 139
0, 2021/05/16 12:04:43.249, 15.18, 139, 405, 139
0, 2021/05/16 12:04:43.273, 12.07, 139, 405, 139
0, 2021/05/16 12:04:43.299, 11.73, 139, 405, 139
0, 2021/05/16 12:04:43.335, 12.07, 139, 405, 139
0, 2021/05/16 12:04:43.359, 12.26, 139, 405, 139
0, 2021/05/16 12:04:43.386, 11.49, 139, 405, 139
0, 2021/05/16 12:04:43.419, 11.63, 139, 405, 139
0, 2021/05/16 12:04:43.443, 12.85, 139, 405, 139
0, 2021/05/16 12:04:43.470, 11.83, 139, 405, 139
0, 2021/05/16 12:04:43.503, 16.44, 139, 405, 139
0, 2021/05/16 12:04:43.533, 14.60, 139, 405, 139
0, 2021/05/16 12:04:43.557, 13.09, 139, 405, 139
0, 2021/05/16 12:04:43.583, 11.39, 139, 405, 139
0, 2021/05/16 12:04:43.618, 11.83, 139, 405, 139
0, 2021/05/16 12:04:43.642, 16.88, 139, 405, 139
0, 2021/05/16 12:04:43.668, 11.97, 139, 405, 139
0, 2021/05/16 12:04:43.699, 14.79, 139, 405, 139
0, 2021/05/16 12:04:43.722, 11.58, 139, 405, 139
0, 2021/05/16 12:04:43.748, 11.58, 139, 405, 139
0, 2021/05/16 12:04:43.786, 16.20, 139, 405, 139
0, 2021/05/16 12:04:43.817, 11.58, 139, 405, 139
0, 2021/05/16 12:04:43.848, 11.39, 139, 405, 139
0, 2021/05/16 12:04:43.886, 11.83, 139, 405, 139
0, 2021/05/16 12:04:43.910, 12.85, 139, 405, 139
0, 2021/05/16 12:04:43.936, 16.20, 139, 405, 139
0, 2021/05/16 12:04:43.967, 16.20, 139, 405, 139
0, 2021/05/16 12:04:43.997, 11.68, 139, 405, 139
0, 2021/05/16 12:04:44.031, 16.20, 139, 405, 139
0, 2021/05/16 12:04:44.066, 12.80, 139, 405, 139
0, 2021/05/16 12:04:44.090, 11.73, 139, 405, 139
0, 2021/05/16 12:04:44.114, 11.39, 139, 405, 139
0, 2021/05/16 12:04:44.152, 11.73, 139, 405, 139
0, 2021/05/16 12:04:44.185, 14.74, 139, 405, 139
0, 2021/05/16 12:04:44.209, 13.19, 139, 405, 139
0, 2021/05/16 12:04:44.233, 16.20, 139, 405, 139
0, 2021/05/16 12:04:44.268, 14.25, 139, 405, 139
0, 2021/05/16 12:04:44.292, 12.90, 139, 405, 139
0, 2021/05/16 12:04:44.316, 11.49, 139, 405, 139
0, 2021/05/16 12:04:44.353, 11.39, 139, 405, 139
0, 2021/05/16 12:04:44.377, 12.51, 139, 405, 139
0, 2021/05/16 12:04:44.403, 11.49, 139, 405, 139
0, 2021/05/16 12:04:44.436, 11.73, 139, 405, 139
0, 2021/05/16 12:04:44.460, 12.26, 139, 405, 139
0, 2021/05/16 12:04:44.485, 11.73, 139, 405, 139
0, 2021/05/16 12:04:44.519, 11.83, 139, 405, 139
0, 2021/05/16 12:04:44.552, 14.84, 139, 405, 139
0, 2021/05/16 12:04:44.576, 13.04, 139, 405, 139
0, 2021/05/16 12:04:44.600, 11.58, 139, 405, 139
0, 2021/05/16 12:04:44.635, 11.73, 139, 405, 139
0, 2021/05/16 12:04:44.659, 16.88, 139, 405, 139
0, 2021/05/16 12:04:44.685, 11.83, 139, 405, 139
0, 2021/05/16 12:04:44.716, 15.03, 139, 405, 139
0, 2021/05/16 12:04:44.739, 11.83, 139, 405, 139
0, 2021/05/16 12:04:44.765, 11.29, 139, 405, 139
0, 2021/05/16 12:04:44.802, 16.20, 139, 405, 139
0, 2021/05/16 12:04:44.833, 15.33, 139, 405, 139
0, 2021/05/16 12:04:44.857, 16.54, 139, 405, 139
0, 2021/05/16 12:04:44.881, 11.68, 139, 405, 139
0, 2021/05/16 12:04:44.916, 16.98, 139, 405, 139
0, 2021/05/16 12:04:44.952, 12.17, 139, 405, 139
0, 2021/05/16 12:04:44.982, 16.10, 139, 405, 139
0, 2021/05/16 12:04:45.016, 15.23, 139, 405, 139
0, 2021/05/16 12:04:45.040, 12.07, 139, 405, 139
0, 2021/05/16 12:04:45.066, 11.83, 139, 405, 139
0, 2021/05/16 12:04:45.102, 16.20, 139, 405, 139
0, 2021/05/16 12:04:45.141, 15.86, 139, 405, 139
0, 2021/05/16 12:04:45.180, 15.18, 139, 405, 139
0, 2021/05/16 12:04:45.204, 11.73, 139, 405, 139
0, 2021/05/16 12:04:45.233, 11.39, 139, 405, 139
0, 2021/05/16 12:04:45.269, 11.63, 139, 405, 139
0, 2021/05/16 12:04:45.293, 12.75, 139, 405, 139
0, 2021/05/16 12:04:45.320, 12.85, 139, 405, 139
0, 2021/05/16 12:04:45.356, 16.20, 139, 405, 139
0, 2021/05/16 12:04:45.382, 11.58, 139, 405, 139
0, 2021/05/16 12:04:45.414, 11.39, 139, 405, 139
0, 2021/05/16 12:04:45.453, 11.73, 139, 405, 139
0, 2021/05/16 12:04:45.476, 12.36, 139, 405, 139
0, 2021/05/16 12:04:45.503, 16.20, 139, 405, 139
0, 2021/05/16 12:04:45.534, 12.26, 139, 405, 139
0, 2021/05/16 12:04:45.564, 11.58, 139, 405, 139
0, 2021/05/16 12:04:45.601, 11.49, 139, 405, 139
0, 2021/05/16 12:04:45.635, 16.10, 139, 405, 139
0, 2021/05/16 12:04:45.666, 16.20, 139, 405, 139
0, 2021/05/16 12:04:45.696, 12.22, 139, 405, 139
0, 2021/05/16 12:04:45.732, 12.17, 139, 405, 139
0, 2021/05/16 12:04:45.755, 11.73, 139, 405, 139
0, 2021/05/16 12:04:45.785, 11.73, 139, 405, 139
0, 2021/05/16 12:04:45.818, 11.73, 139, 405, 139
0, 2021/05/16 12:04:45.852, 14.59, 139, 405, 139
0, 2021/05/16 12:04:45.876, 16.54, 139, 405, 139
0, 2021/05/16 12:04:45.900, 12.41, 139, 405, 139
0, 2021/05/16 12:04:45.935, 13.28, 139, 405, 139
0, 2021/05/16 12:04:45.959, 16.20, 139, 405, 139
0, 2021/05/16 12:04:45.999, 16.20, 139, 405, 139
0, 2021/05/16 12:04:46.029, 11.73, 139, 405, 139
0, 2021/05/16 12:04:46.064, 16.20, 139, 405, 139
0, 2021/05/16 12:04:46.100, 13.04, 139, 405, 139
0, 2021/05/16 12:04:46.124, 11.49, 139, 405, 139
0, 2021/05/16 12:04:46.149, 11.88, 139, 405, 139
0, 2021/05/16 12:04:46.185, 11.58, 139, 405, 139
0, 2021/05/16 12:04:46.220, 14.50, 139, 405, 139
0, 2021/05/16 12:04:46.243, 13.19, 139, 405, 139
0, 2021/05/16 12:04:46.267, 16.20, 139, 405, 139
0, 2021/05/16 12:04:46.300, 14.89, 139, 405, 139
0, 2021/05/16 12:04:46.325, 14.79, 139, 405, 139
0, 2021/05/16 12:04:46.348, 11.39, 139, 405, 139
0, 2021/05/16 12:04:46.383, 15.61, 139, 405, 139
0, 2021/05/16 12:04:46.407, 12.17, 139, 405, 139
0, 2021/05/16 12:04:46.431, 11.73, 139, 405, 139
0, 2021/05/16 12:04:46.468, 11.97, 139, 405, 139
0, 2021/05/16 12:04:46.492, 12.17, 139, 405, 139
0, 2021/05/16 12:04:46.519, 15.96, 139, 405, 139
0, 2021/05/16 12:04:46.544, 14.06, 139, 405, 139
0, 2021/05/16 12:04:46.569, 11.92, 139, 405, 139
0, 2021/05/16 12:04:46.593, 12.60, 139, 405, 139
0, 2021/05/16 12:04:46.621, 11.73, 139, 405, 139
0, 2021/05/16 12:04:46.652, 11.49, 139, 405, 139
0, 2021/05/16 12:04:46.677, 12.75, 139, 405, 139
0, 2021/05/16 12:04:46.704, 11.63, 139, 405, 139
0, 2021/05/16 12:04:46.736, 12.26, 139, 405, 139
0, 2021/05/16 12:04:46.771, 11.97, 139, 405, 139
0, 2021/05/16 12:04:46.795, 15.96, 139, 405, 139
0, 2021/05/16 12:04:46.819, 11.83, 139, 405, 139
0, 2021/05/16 12:04:46.849, 11.83, 139, 405, 139
0, 2021/05/16 12:04:46.873, 11.58, 139, 405, 139
0, 2021/05/16 12:04:46.904, 12.07, 139, 405, 139
0, 2021/05/16 12:04:46.935, 12.22, 139, 405, 139
0, 2021/05/16 12:04:46.960, 12.60, 139, 405, 139
0, 2021/05/16 12:04:46.987, 16.20, 139, 405, 139
0, 2021/05/16 12:04:47.017, 16.20, 139, 405, 139
0, 2021/05/16 12:04:47.046, 11.49, 139, 405, 139
0, 2021/05/16 12:04:47.080, 16.10, 139, 405, 139
0, 2021/05/16 12:04:47.116, 13.19, 139, 405, 139
0, 2021/05/16 12:04:47.140, 11.73, 139, 405, 139
0, 2021/05/16 12:04:47.167, 11.83, 139, 405, 139
0, 2021/05/16 12:04:47.201, 16.20, 139, 405, 139
0, 2021/05/16 12:04:47.234, 14.98, 139, 405, 139
0, 2021/05/16 12:04:47.257, 13.09, 139, 405, 139
0, 2021/05/16 12:04:47.283, 16.10, 139, 405, 139
0, 2021/05/16 12:04:47.316, 14.78, 139, 405, 139
0, 2021/05/16 12:04:47.340, 12.51, 139, 405, 139
0, 2021/05/16 12:04:47.367, 11.83, 139, 405, 139
0, 2021/05/16 12:04:47.402, 11.63, 139, 405, 139
0, 2021/05/16 12:04:47.426, 12.26, 139, 405, 139
0, 2021/05/16 12:04:47.453, 11.24, 139, 405, 139
0, 2021/05/16 12:04:47.486, 11.44, 139, 405, 139
0, 2021/05/16 12:04:47.510, 12.85, 139, 405, 139
0, 2021/05/16 12:04:47.537, 11.83, 139, 405, 139
0, 2021/05/16 12:04:47.570, 11.73, 139, 405, 139
0, 2021/05/16 12:04:47.602, 15.08, 139, 405, 139
0, 2021/05/16 12:04:47.626, 13.19, 139, 405, 139
0, 2021/05/16 12:04:47.650, 11.34, 139, 405, 139
0, 2021/05/16 12:04:47.685, 11.58, 139, 405, 139
0, 2021/05/16 12:04:47.708, 12.41, 139, 405, 139
0, 2021/05/16 12:04:47.735, 11.97, 139, 405, 139
0, 2021/05/16 12:04:47.770, 11.49, 139, 405, 139
0, 2021/05/16 12:04:47.794, 12.36, 139, 405, 139
0, 2021/05/16 12:04:47.820, 11.49, 139, 405, 139
0, 2021/05/16 12:04:47.851, 15.86, 139, 405, 139
0, 2021/05/16 12:04:47.882, 11.68, 139, 405, 139
0, 2021/05/16 12:04:47.914, 11.39, 139, 405, 139
0, 2021/05/16 12:04:47.952, 11.92, 139, 405, 139
0, 2021/05/16 12:04:47.976, 16.54, 139, 405, 139
0, 2021/05/16 12:04:48.001, 16.20, 139, 405, 139
0, 2021/05/16 12:04:48.032, 11.63, 139, 405, 139
0, 2021/05/16 12:04:48.064, 11.73, 139, 405, 139
0, 2021/05/16 12:04:48.102, 11.68, 139, 405, 139
0, 2021/05/16 12:04:48.136, 16.30, 139, 405, 139
0, 2021/05/16 12:04:48.167, 12.95, 139, 405, 139
0, 2021/05/16 12:04:48.198, 16.10, 139, 405, 139
0, 2021/05/16 12:04:48.232, 12.36, 139, 405, 139
0, 2021/05/16 12:04:48.256, 11.73, 139, 405, 139
0, 2021/05/16 12:04:48.282, 11.73, 139, 405, 139
0, 2021/05/16 12:04:48.319, 16.20, 139, 405, 139
0, 2021/05/16 12:04:48.350, 11.97, 139, 405, 139
0, 2021/05/16 12:04:48.382, 11.49, 139, 405, 139
0, 2021/05/16 12:04:48.418, 11.83, 139, 405, 139
0, 2021/05/16 12:04:48.442, 12.51, 139, 405, 139
0, 2021/05/16 12:04:48.470, 11.24, 139, 405, 139
0, 2021/05/16 12:04:48.502, 16.20, 139, 405, 139
0, 2021/05/16 12:04:48.533, 14.69, 139, 405, 139
0, 2021/05/16 12:04:48.556, 11.83, 139, 405, 139
0, 2021/05/16 12:04:48.583, 11.73, 139, 405, 139
0, 2021/05/16 12:04:48.619, 11.73, 139, 405, 139
0, 2021/05/16 12:04:48.643, 12.41, 139, 405, 139
0, 2021/05/16 12:04:48.670, 11.58, 139, 405, 139
0, 2021/05/16 12:04:48.703, 11.39, 139, 405, 139
0, 2021/05/16 12:04:48.726, 12.70, 139, 405, 139
0, 2021/05/16 12:04:48.750, 11.58, 139, 405, 139
0, 2021/05/16 12:04:48.784, 15.96, 139, 405, 139
0, 2021/05/16 12:04:48.815, 11.83, 139, 405, 139
0, 2021/05/16 12:04:48.847, 11.63, 139, 405, 139
0, 2021/05/16 12:04:48.885, 11.49, 139, 405, 139
0, 2021/05/16 12:04:48.909, 12.26, 139, 405, 139
0, 2021/05/16 12:04:48.937, 11.58, 139, 405, 139
0, 2021/05/16 12:04:48.969, 12.36, 139, 405, 139
0, 2021/05/16 12:04:49.005, 16.20, 139, 405, 139
0, 2021/05/16 12:04:49.042, 11.49, 139, 405, 139
0, 2021/05/16 12:04:49.085, 11.68, 139, 405, 139
0, 2021/05/16 12:04:49.109, 12.31, 139, 405, 139
0, 2021/05/16 12:04:49.136, 11.39, 139, 405, 139
0, 2021/05/16 12:04:49.168, 11.49, 139, 405, 139
0, 2021/05/16 12:04:49.192, 12.60, 139, 405, 139
0, 2021/05/16 12:04:49.221, 16.20, 139, 405, 139
0, 2021/05/16 12:04:49.249, 13.19, 139, 405, 139
0, 2021/05/16 12:04:49.274, 12.41, 139, 405, 139
0, 2021/05/16 12:04:49.299, 11.29, 139, 405, 139
0, 2021/05/16 12:04:49.336, 11.49, 139, 405, 139
0, 2021/05/16 12:04:49.369, 11.83, 139, 405, 139
0, 2021/05/16 12:04:49.393, 16.98, 139, 405, 139
